id, ratioMA5_MA30,ratio5, ratio3
0,1.00,1.13,1.18,0.88
0,1.00,1.12,1.18,0.89
0,1.00,1.11,1.17,0.90
0,1.00,1.11,1.16,0.90
0,1.00,1.10,1.16,0.91
0,1.00,1.10,1.16,0.91
0,1.00,1.09,1.15,0.92
0,1.00,1.09,1.15,0.92
0,1.00,1.08,1.15,0.93
0,1.00,1.08,1.14,0.93
0,1.00,1.07,1.14,0.93
0,1.00,1.07,1.13,0.93
0,1.00,1.06,1.13,0.94
0,1.00,1.06,1.13,0.94
0,1.00,1.05,1.13,0.95
0,1.00,1.05,1.12,0.95
0,1.00,1.04,1.12,0.96
0,1.00,1.04,1.12,0.96
0,1.00,1.04,1.11,0.96
0,1.00,1.03,1.11,0.97
0,1.00,1.03,1.10,0.97
0,1.00,1.02,1.10,0.98
0,1.00,1.02,1.10,0.98
0,1.00,1.01,1.09,0.99
0,1.00,1.01,1.09,0.99
0,1.00,1.01,1.09,0.99
0,1.00,1.01,1.08,0.99
0,1.00,1.01,1.08,0.99
0,1.00,1.01,1.08,0.99
0,1.00,1.01,1.08,0.99
0,1.00,1.01,1.07,0.99
0,1.00,1.01,1.07,0.99
0,1.00,1.01,1.07,0.99
0,1.00,1.01,1.06,0.99
0,1.00,1.01,1.06,0.99
0,1.00,1.01,1.06,0.99
0,1.00,1.01,1.05,0.99
0,1.00,1.01,1.05,0.99
0,1.00,1.01,1.05,0.99
0,1.00,1.01,1.05,0.99
0,1.00,1.01,1.04,0.99
0,1.00,1.00,1.04,1.00
0,1.00,1.01,1.04,0.99
0,1.00,1.01,1.04,0.99
0,1.00,1.00,1.03,1.00
0,1.00,1.00,1.03,1.00
0,1.00,1.00,1.03,1.00
0,1.00,1.00,1.03,1.00
0,1.00,1.00,1.02,1.00
0,1.00,1.00,1.02,1.00
0,1.00,1.00,1.02,1.00
0,1.00,1.00,1.02,1.00
0,1.00,1.00,1.02,1.00
0,1.00,1.00,1.01,1.00
0,1.00,1.00,1.01,1.00
0,1.00,1.00,1.01,1.00
0,1.00,1.00,1.01,1.00
0,1.00,1.00,1.01,1.00
0,1.00,1.01,1.01,0.99
0,1.00,1.01,1.01,0.99
0,1.00,1.01,1.01,0.99
0,1.00,1.01,1.01,0.99
0,1.00,1.01,1.01,0.99
0,1.00,1.01,1.01,0.99
0,1.00,1.01,1.01,0.99
0,1.00,1.01,1.01,0.99
0,1.01,1.01,1.02,1.00
0,1.00,1.01,1.02,0.99
0,1.00,1.01,1.02,0.99
0,1.00,1.01,1.02,0.99
0,1.00,1.01,1.02,0.99
0,1.00,1.01,1.01,0.99
0,1.00,1.01,1.01,0.99
0,1.00,1.01,1.01,0.99
0,1.00,1.01,1.01,0.99
0,1.00,1.01,1.01,0.99
0,1.00,1.01,1.01,0.99
0,1.00,1.01,1.01,0.99
0,1.00,1.01,1.01,0.99
0,1.00,1.01,1.01,0.99
0,1.00,1.01,1.01,0.99
0,1.00,1.01,1.01,0.99
0,1.00,1.01,1.01,0.99
0,1.00,1.01,1.02,0.99
0,1.00,1.01,1.01,0.99
0,1.00,1.01,1.01,0.99
0,1.00,1.01,1.02,0.99
0,1.00,1.01,1.02,0.99
0,1.00,1.01,1.02,0.99
0,1.00,1.01,1.02,0.99
0,1.00,1.01,1.02,0.99
0,1.00,1.01,1.02,0.99
0,1.00,1.01,1.02,0.99
0,1.00,1.01,1.02,0.99
0,1.00,1.01,1.01,0.99
0,1.00,1.01,1.01,0.99
0,1.01,1.01,1.02,1.00
0,1.00,1.01,1.02,0.99
0,1.01,1.01,1.02,1.00
0,1.00,1.01,1.02,0.99
0,1.00,1.01,1.02,0.99
0,1.00,1.01,1.02,0.99
0,1.00,1.01,1.02,0.99
0,1.00,1.01,1.02,0.99
0,1.00,1.01,1.02,0.99
0,1.00,1.01,1.02,0.99
0,1.00,1.01,1.02,0.99
0,1.00,1.01,1.02,0.99
0,1.00,1.01,1.02,0.99
0,1.00,1.01,1.02,0.99
0,1.00,1.01,1.02,0.99
0,1.00,1.01,1.02,0.99
0,1.00,1.01,1.02,0.99
0,1.00,1.01,1.02,0.99
0,1.00,1.01,1.02,0.99
0,1.00,1.01,1.02,0.99
0,1.00,1.01,1.02,0.99
0,1.00,1.01,1.02,0.99
0,1.00,1.01,1.02,0.99
0,1.00,1.01,1.02,0.99
0,1.00,1.01,1.02,0.99
0,1.00,1.01,1.02,0.99
0,1.00,1.01,1.02,0.99
0,1.00,1.01,1.02,0.99
0,1.00,1.01,1.02,0.99
0,1.00,1.01,1.02,0.99
0,1.00,1.01,1.02,0.99
0,1.00,1.00,1.01,1.00
0,1.00,1.00,1.01,1.00
0,1.00,1.00,1.01,1.00
0,1.00,1.01,1.02,0.99
0,1.00,1.01,1.02,0.99
0,1.00,1.01,1.01,0.99
0,1.00,1.01,1.01,0.99
0,1.00,1.01,1.01,0.99
0,1.00,1.01,1.01,0.99
0,1.00,1.01,1.01,0.99
0,1.00,1.01,1.01,0.99
0,1.00,1.01,1.01,0.99
0,1.00,1.01,1.01,0.99
0,1.00,1.01,1.01,0.99
0,1.00,1.01,1.01,0.99
0,1.00,1.01,1.01,0.99
0,1.00,1.01,1.01,0.99
0,1.00,1.01,1.01,0.99
0,1.01,1.02,1.03,0.99
0,1.03,1.04,1.04,0.99
0,1.02,1.03,1.04,0.99
0,1.03,1.05,1.05,0.98
0,1.02,1.04,1.05,0.98
0,1.01,1.04,1.05,0.97
0,1.01,1.04,1.05,0.97
0,1.00,1.04,1.05,0.96
0,1.00,1.04,1.05,0.96
0,1.00,1.04,1.05,0.96
0,1.00,1.04,1.05,0.96
0,1.00,1.04,1.05,0.96
0,1.00,1.03,1.05,0.97
0,1.00,1.03,1.05,0.97
0,1.00,1.03,1.04,0.97
0,1.00,1.03,1.04,0.97
0,1.00,1.03,1.04,0.97
0,1.00,1.02,1.04,0.98
0,1.00,1.02,1.04,0.98
0,1.00,1.02,1.04,0.98
0,1.00,1.02,1.04,0.98
0,1.00,1.02,1.04,0.98
0,1.01,1.03,1.05,0.98
0,1.02,1.04,1.06,0.98
0,1.02,1.04,1.06,0.98
0,1.02,1.05,1.07,0.97
0,1.02,1.05,1.07,0.97
0,1.01,1.05,1.07,0.96
0,1.01,1.04,1.07,0.97
0,1.00,1.04,1.07,0.96
0,1.00,1.04,1.07,0.96
0,1.00,1.03,1.07,0.97
0,1.00,1.04,1.07,0.96
0,1.00,1.03,1.07,0.97
0,1.00,1.03,1.06,0.97
0,1.00,1.03,1.06,0.97
0,1.00,1.03,1.06,0.97
0,1.00,1.03,1.06,0.97
0,1.00,1.03,1.06,0.97
0,1.00,1.03,1.06,0.97
0,1.00,1.02,1.05,0.98
0,1.00,1.02,1.05,0.98
0,1.00,1.02,1.05,0.98
0,1.00,1.02,1.05,0.98
0,1.00,1.02,1.05,0.98
0,1.00,1.02,1.05,0.98
0,1.00,1.01,1.04,0.99
0,1.00,1.01,1.04,0.99
0,1.00,1.01,1.04,0.99
0,1.00,1.01,1.04,0.99
0,1.00,1.01,1.04,0.99
0,1.00,1.01,1.04,0.99
0,1.00,1.01,1.04,0.99
0,1.00,1.00,1.03,1.00
0,1.00,1.00,1.03,1.00
0,1.00,1.00,1.03,1.00
0,1.00,1.00,1.03,1.00
0,1.00,1.00,1.03,1.00
0,1.00,1.00,1.03,1.00
0,1.00,1.00,1.02,1.00
0,1.00,1.00,1.02,1.00
0,1.00,1.00,1.02,1.00
0,1.00,1.00,1.02,1.00
0,1.00,1.00,1.02,1.00
0,1.00,1.00,1.02,1.00
0,1.00,1.00,1.02,1.00
0,1.00,1.00,1.02,1.00
0,1.00,1.00,1.02,1.00
0,1.00,1.00,1.02,1.00
0,1.00,1.00,1.02,1.00
0,1.00,1.00,1.02,1.00
0,1.00,1.00,1.02,1.00
0,1.00,1.00,1.01,1.00
0,1.00,1.00,1.01,1.00
0,1.00,1.00,1.01,1.00
0,1.00,1.00,1.01,1.00
0,1.00,1.00,1.01,1.00
0,1.00,1.00,1.01,1.00
0,1.00,1.00,1.01,1.00
0,1.00,1.00,1.01,1.00
0,1.00,1.00,1.01,1.00
0,1.00,1.00,1.01,1.00
0,1.00,1.00,1.01,1.00
0,1.00,1.00,1.01,1.00
0,1.00,1.00,1.01,1.00
0,1.00,1.00,1.01,1.00
0,1.00,1.00,1.01,1.00
0,1.00,1.00,1.01,1.00
0,1.00,1.00,1.01,1.00
0,1.00,1.00,1.01,1.00
0,1.02,1.02,1.03,1.00
0,1.02,1.02,1.02,1.00
0,1.01,1.02,1.02,0.99
0,1.01,1.02,1.02,0.99
0,1.00,1.02,1.02,0.98
0,1.01,1.03,1.03,0.98
0,1.01,1.03,1.04,0.98
0,1.01,1.03,1.04,0.98
0,1.01,1.03,1.04,0.98
0,1.01,1.04,1.04,0.97
0,1.01,1.03,1.04,0.98
0,1.01,1.04,1.04,0.97
0,1.01,1.03,1.04,0.98
0,1.00,1.03,1.04,0.97
0,1.00,1.03,1.04,0.97
0,1.00,1.03,1.04,0.97
0,1.00,1.03,1.04,0.97
0,1.00,1.03,1.04,0.97
0,1.00,1.03,1.04,0.97
0,1.00,1.02,1.04,0.98
0,1.00,1.02,1.04,0.98
0,1.00,1.02,1.04,0.98
0,1.00,1.02,1.04,0.98
0,1.00,1.02,1.03,0.98
0,1.00,1.02,1.03,0.98
0,1.00,1.02,1.03,0.98
0,1.00,1.01,1.03,0.99
0,1.00,1.01,1.03,0.99
0,1.00,1.01,1.03,0.99
0,1.00,1.01,1.03,0.99
0,1.00,1.01,1.03,0.99
0,1.00,1.01,1.03,0.99
0,1.00,1.01,1.03,0.99
0,1.00,1.01,1.03,0.99
0,1.00,1.00,1.03,1.00
0,1.00,1.00,1.03,1.00
0,1.00,1.00,1.02,1.00
0,1.00,1.00,1.02,1.00
0,1.00,1.00,1.02,1.00
0,1.00,1.00,1.02,1.00
0,1.00,1.00,1.02,1.00
0,1.00,1.00,1.02,1.00
0,1.00,1.00,1.02,1.00
0,1.00,1.00,1.02,1.00
0,1.00,1.00,1.02,1.00
0,1.00,1.00,1.02,1.00
0,1.00,1.00,1.02,1.00
0,1.00,1.00,1.02,1.00
0,1.00,1.00,1.02,1.00
0,1.00,1.00,1.02,1.00
0,1.00,1.00,1.01,1.00
0,1.00,1.00,1.01,1.00
0,1.00,1.00,1.01,1.00
0,1.00,1.00,1.01,1.00
0,1.00,1.00,1.01,1.00
0,1.00,1.00,1.01,1.00
0,1.00,1.00,1.01,1.00
0,1.00,1.00,1.01,1.00
0,1.00,1.00,1.01,1.00
0,1.00,1.00,1.01,1.00
0,1.00,1.00,1.01,1.00
0,1.00,1.00,1.01,1.00
0,1.00,1.00,1.01,1.00
0,1.00,1.00,1.01,1.00
0,1.00,1.00,1.01,1.00
0,1.00,1.00,1.01,1.00
0,1.00,1.00,1.01,1.00
0,1.00,1.00,1.01,1.00
0,1.00,1.00,1.01,1.00
0,1.00,1.00,1.01,1.00
0,1.00,1.00,1.01,1.00
0,1.00,1.00,1.01,1.00
0,1.00,1.00,1.01,1.00
0,1.00,1.00,1.01,1.00
0,1.01,1.01,1.01,1.00
0,1.01,1.01,1.01,1.00
0,1.01,1.01,1.01,1.00
0,1.00,1.01,1.01,0.99
0,1.00,1.01,1.01,0.99
0,1.00,1.01,1.01,0.99
0,1.00,1.01,1.02,0.99
0,1.00,1.01,1.02,0.99
0,1.00,1.01,1.02,0.99
0,1.00,1.01,1.02,0.99
0,1.00,1.01,1.02,0.99
0,1.00,1.01,1.02,0.99
0,1.00,1.01,1.02,0.99
0,1.00,1.01,1.02,0.99
0,1.00,1.01,1.02,0.99
0,1.00,1.01,1.02,0.99
0,1.00,1.01,1.02,0.99
0,1.00,1.01,1.02,0.99
0,1.00,1.01,1.01,0.99
0,1.00,1.01,1.02,0.99
0,1.00,1.01,1.02,0.99
0,1.00,1.01,1.02,0.99
0,1.00,1.01,1.02,0.99
0,1.00,1.01,1.02,0.99
0,1.00,1.01,1.02,0.99
0,1.00,1.01,1.02,0.99
0,1.00,1.01,1.02,0.99
0,1.00,1.01,1.02,0.99
0,1.00,1.01,1.02,0.99
0,1.00,1.01,1.01,0.99
0,1.00,1.01,1.01,0.99
0,1.00,1.01,1.01,0.99
0,1.00,1.00,1.01,1.00
0,1.00,1.00,1.01,1.00
0,1.00,1.00,1.01,1.00
0,1.00,1.00,1.01,1.00
0,1.00,1.00,1.01,1.00
0,1.00,1.00,1.01,1.00
0,1.00,1.00,1.01,1.00
0,1.00,1.00,1.01,1.00
0,1.00,1.00,1.01,1.00
0,1.00,1.00,1.01,1.00
0,1.00,1.00,1.01,1.00
0,1.00,1.00,1.01,1.00
0,1.00,1.00,1.01,1.00
0,1.00,1.00,1.01,1.00
0,1.00,1.00,1.01,1.00
0,1.00,1.00,1.01,1.00
0,1.00,1.00,1.01,1.00
0,1.00,1.00,1.01,1.00
0,1.00,1.00,1.01,1.00
0,1.00,1.00,1.01,1.00
0,1.00,1.00,1.01,1.00
0,1.00,1.00,1.01,1.00
0,1.00,1.00,1.01,1.00
0,1.00,1.00,1.01,1.00
0,1.00,1.00,1.01,1.00
0,1.00,1.00,1.01,1.00
0,1.00,1.00,1.01,1.00
0,1.00,1.00,1.01,1.00
0,1.00,1.00,1.01,1.00
0,1.00,1.00,1.01,1.00
0,1.00,1.00,1.01,1.00
0,1.00,1.00,1.01,1.00
0,1.00,1.00,1.01,1.00
0,1.00,1.00,1.01,1.00
0,1.00,1.00,1.01,1.00
0,1.00,1.00,1.01,1.00
0,1.00,1.00,1.01,1.00
0,1.00,1.01,1.01,0.99
0,1.00,1.01,1.01,0.99
0,1.00,1.01,1.01,0.99
0,1.00,1.01,1.01,0.99
0,1.00,1.01,1.01,0.99
0,1.00,1.00,1.01,1.00
0,1.00,1.01,1.01,0.99
0,1.01,1.01,1.01,1.00
0,1.01,1.01,1.02,1.00
0,1.02,1.03,1.03,0.99
0,1.02,1.03,1.04,0.99
0,1.02,1.03,1.04,0.99
0,1.01,1.03,1.04,0.98
0,1.01,1.03,1.04,0.98
0,1.00,1.03,1.04,0.97
0,1.00,1.03,1.04,0.97
0,1.00,1.03,1.03,0.97
0,1.00,1.03,1.03,0.97
0,1.00,1.02,1.03,0.98
0,1.00,1.02,1.03,0.98
0,1.00,1.02,1.03,0.98
0,1.00,1.02,1.03,0.98
0,1.00,1.02,1.03,0.98
0,1.00,1.02,1.03,0.98
0,1.00,1.02,1.03,0.98
0,1.00,1.02,1.03,0.98
0,1.00,1.02,1.03,0.98
0,1.00,1.02,1.03,0.98
0,1.00,1.01,1.03,0.99
0,1.00,1.01,1.03,0.99
0,1.00,1.01,1.03,0.99
0,1.00,1.01,1.03,0.99
0,1.00,1.01,1.03,0.99
0,1.00,1.01,1.02,0.99
0,1.00,1.01,1.02,0.99
0,1.00,1.01,1.02,0.99
0,1.00,1.01,1.02,0.99
0,1.00,1.00,1.02,1.00
0,1.00,1.00,1.02,1.00
0,1.00,1.00,1.02,1.00
0,1.00,1.00,1.02,1.00
0,1.00,1.00,1.02,1.00
0,1.00,1.00,1.02,1.00
0,1.01,1.01,1.03,1.00
0,1.01,1.01,1.03,1.00
0,1.01,1.01,1.03,1.00
0,1.00,1.01,1.03,0.99
0,1.00,1.01,1.02,0.99
0,1.00,1.01,1.02,0.99
0,1.00,1.01,1.02,0.99
0,1.00,1.01,1.02,0.99
0,1.00,1.01,1.02,0.99
0,1.00,1.01,1.02,0.99
0,1.00,1.01,1.02,0.99
