id, ratioMA5_MA30,ratio5, ratio3
18,1.00,1.01,1.03,0.99
18,1.00,1.01,1.03,0.99
18,1.00,1.01,1.03,0.99
18,1.00,1.01,1.03,0.99
18,1.00,1.01,1.03,0.99
18,1.00,1.01,1.02,0.99
18,1.00,1.01,1.03,0.99
18,1.00,1.01,1.02,0.99
18,1.00,1.01,1.02,0.99
18,1.00,1.01,1.02,0.99
18,1.01,1.02,1.03,0.99
18,1.01,1.02,1.03,0.99
18,1.01,1.02,1.03,0.99
18,1.00,1.01,1.03,0.99
18,1.01,1.02,1.03,0.99
18,1.00,1.02,1.03,0.98
18,1.00,1.02,1.03,0.98
18,1.00,1.01,1.03,0.99
18,1.00,1.02,1.03,0.98
18,1.00,1.02,1.03,0.98
18,1.00,1.02,1.03,0.98
18,1.00,1.02,1.03,0.98
18,1.01,1.02,1.04,0.99
18,1.01,1.02,1.03,0.99
18,1.00,1.02,1.03,0.98
18,1.00,1.02,1.03,0.98
18,1.00,1.02,1.03,0.98
18,1.00,1.02,1.03,0.98
18,1.00,1.02,1.03,0.98
18,1.00,1.02,1.03,0.98
18,1.00,1.02,1.03,0.98
18,1.00,1.02,1.03,0.98
18,1.00,1.02,1.03,0.98
18,1.00,1.02,1.03,0.98
18,1.00,1.02,1.03,0.98
18,1.00,1.02,1.03,0.98
18,1.00,1.02,1.03,0.98
18,1.00,1.02,1.03,0.98
18,1.00,1.02,1.03,0.98
18,1.00,1.02,1.03,0.98
18,1.00,1.02,1.03,0.98
18,1.00,1.02,1.03,0.98
18,1.00,1.02,1.03,0.98
18,1.00,1.02,1.03,0.98
18,1.00,1.01,1.03,0.99
18,1.00,1.01,1.03,0.99
18,1.00,1.01,1.03,0.99
18,1.00,1.01,1.03,0.99
18,1.00,1.01,1.03,0.99
18,1.00,1.01,1.03,0.99
18,1.00,1.01,1.03,0.99
18,1.00,1.01,1.03,0.99
18,1.00,1.01,1.03,0.99
18,1.00,1.01,1.03,0.99
18,1.00,1.01,1.03,0.99
18,1.00,1.01,1.03,0.99
18,1.00,1.01,1.03,0.99
18,1.00,1.01,1.03,0.99
18,1.00,1.01,1.03,0.99
18,1.00,1.01,1.03,0.99
18,1.00,1.01,1.03,0.99
18,1.00,1.01,1.03,0.99
18,1.00,1.01,1.03,0.99
18,1.00,1.01,1.03,0.99
18,1.00,1.01,1.03,0.99
18,1.00,1.01,1.03,0.99
18,1.00,1.01,1.03,0.99
18,1.00,1.01,1.03,0.99
18,1.01,1.02,1.03,0.99
18,1.00,1.02,1.03,0.98
18,1.00,1.02,1.03,0.98
18,1.00,1.01,1.03,0.99
18,1.00,1.01,1.03,0.99
18,1.00,1.01,1.03,0.99
18,1.00,1.01,1.03,0.99
18,1.01,1.02,1.03,0.99
18,1.00,1.02,1.03,0.98
18,1.00,1.02,1.03,0.98
18,1.00,1.01,1.03,0.99
18,1.00,1.01,1.03,0.99
18,1.00,1.01,1.03,0.99
18,1.00,1.01,1.03,0.99
18,1.00,1.01,1.02,0.99
18,1.00,1.01,1.03,0.99
18,1.00,1.01,1.03,0.99
18,1.00,1.01,1.02,0.99
18,1.00,1.01,1.02,0.99
18,1.00,1.01,1.02,0.99
18,1.00,1.01,1.02,0.99
18,1.00,1.01,1.02,0.99
18,1.00,1.01,1.02,0.99
18,1.00,1.01,1.02,0.99
18,1.00,1.01,1.02,0.99
18,1.01,1.01,1.03,1.00
18,1.00,1.01,1.02,0.99
18,1.00,1.01,1.02,0.99
18,1.00,1.01,1.02,0.99
18,1.00,1.01,1.02,0.99
18,1.00,1.01,1.02,0.99
18,1.00,1.01,1.02,0.99
18,1.00,1.01,1.02,0.99
18,1.00,1.01,1.02,0.99
18,1.00,1.01,1.02,0.99
18,1.00,1.01,1.02,0.99
18,1.00,1.01,1.02,0.99
18,1.00,1.01,1.02,0.99
18,1.00,1.01,1.02,0.99
18,1.00,1.01,1.02,0.99
18,1.00,1.01,1.02,0.99
18,1.00,1.01,1.02,0.99
18,1.00,1.01,1.02,0.99
18,1.00,1.01,1.02,0.99
18,1.01,1.01,1.02,1.00
18,1.00,1.01,1.02,0.99
18,1.00,1.01,1.02,0.99
18,1.01,1.02,1.03,0.99
18,1.01,1.02,1.03,0.99
18,1.01,1.02,1.03,0.99
18,1.01,1.02,1.03,0.99
18,1.00,1.02,1.03,0.98
18,1.00,1.02,1.03,0.98
18,1.00,1.02,1.03,0.98
18,1.00,1.02,1.03,0.98
18,1.00,1.01,1.02,0.99
18,1.00,1.01,1.02,0.99
18,1.00,1.01,1.02,0.99
18,1.00,1.01,1.02,0.99
18,1.00,1.01,1.02,0.99
18,1.00,1.01,1.02,0.99
18,1.00,1.01,1.02,0.99
18,1.00,1.01,1.02,0.99
18,1.00,1.01,1.02,0.99
18,1.00,1.01,1.02,0.99
18,1.00,1.01,1.02,0.99
18,1.00,1.01,1.02,0.99
18,1.00,1.01,1.02,0.99
18,1.00,1.01,1.02,0.99
18,1.00,1.01,1.02,0.99
18,1.00,1.01,1.02,0.99
18,1.00,1.01,1.02,0.99
18,1.00,1.01,1.02,0.99
18,1.01,1.02,1.03,0.99
18,1.01,1.02,1.03,0.99
18,1.01,1.02,1.03,0.99
18,1.00,1.02,1.03,0.98
18,1.00,1.02,1.03,0.98
18,1.00,1.02,1.03,0.98
18,1.00,1.02,1.03,0.98
18,1.00,1.02,1.03,0.98
18,1.00,1.02,1.03,0.98
18,1.00,1.02,1.03,0.98
18,1.00,1.02,1.03,0.98
18,1.00,1.02,1.03,0.98
18,1.01,1.02,1.03,0.99
18,1.01,1.02,1.03,0.99
18,1.01,1.02,1.03,0.99
18,1.00,1.02,1.03,0.98
18,1.00,1.02,1.04,0.98
18,1.00,1.02,1.04,0.98
18,1.00,1.02,1.03,0.98
18,1.00,1.02,1.03,0.98
18,1.00,1.02,1.03,0.98
18,1.00,1.02,1.03,0.98
18,1.00,1.02,1.03,0.98
18,1.00,1.02,1.03,0.98
18,1.00,1.02,1.04,0.98
18,1.00,1.02,1.03,0.98
18,1.00,1.02,1.03,0.98
18,1.00,1.02,1.03,0.98
18,1.00,1.02,1.03,0.98
18,1.00,1.02,1.03,0.98
18,1.00,1.02,1.03,0.98
18,1.00,1.02,1.03,0.98
18,1.00,1.02,1.03,0.98
18,1.00,1.02,1.03,0.98
18,1.00,1.02,1.03,0.98
18,1.00,1.01,1.03,0.99
18,1.00,1.01,1.03,0.99
18,1.00,1.01,1.03,0.99
18,1.00,1.01,1.03,0.99
18,1.00,1.01,1.03,0.99
18,1.00,1.01,1.03,0.99
18,1.00,1.01,1.03,0.99
18,1.00,1.01,1.03,0.99
18,1.00,1.01,1.03,0.99
18,1.00,1.01,1.03,0.99
18,1.00,1.01,1.03,0.99
18,1.01,1.01,1.03,1.00
18,1.01,1.02,1.03,0.99
18,1.00,1.01,1.03,0.99
18,1.00,1.01,1.03,0.99
18,1.00,1.01,1.03,0.99
18,1.00,1.01,1.03,0.99
18,1.00,1.01,1.03,0.99
18,1.00,1.02,1.03,0.98
18,1.00,1.01,1.03,0.99
18,1.00,1.01,1.03,0.99
18,1.00,1.01,1.03,0.99
18,1.00,1.01,1.03,0.99
18,1.00,1.01,1.03,0.99
18,1.00,1.01,1.03,0.99
18,1.00,1.01,1.03,0.99
18,1.00,1.01,1.03,0.99
18,1.01,1.01,1.03,1.00
18,1.00,1.01,1.03,0.99
18,1.00,1.01,1.03,0.99
18,1.01,1.02,1.03,0.99
18,1.01,1.02,1.04,0.99
18,1.02,1.03,1.04,0.99
18,1.02,1.03,1.05,0.99
18,1.02,1.04,1.05,0.98
18,1.02,1.04,1.06,0.98
18,1.02,1.05,1.07,0.97
18,1.02,1.05,1.07,0.97
18,1.01,1.05,1.07,0.96
18,1.02,1.06,1.07,0.96
18,1.01,1.06,1.07,0.95
18,1.01,1.06,1.08,0.95
18,1.02,1.07,1.09,0.95
18,1.02,1.07,1.09,0.95
18,1.02,1.07,1.09,0.95
18,1.02,1.07,1.10,0.95
18,1.02,1.08,1.10,0.94
18,1.01,1.07,1.10,0.94
18,1.01,1.07,1.10,0.94
18,1.02,1.08,1.11,0.94
18,1.01,1.08,1.11,0.94
18,1.01,1.08,1.11,0.94
18,1.01,1.08,1.11,0.94
18,1.01,1.07,1.11,0.94
18,1.00,1.07,1.11,0.93
18,1.00,1.06,1.10,0.94
18,1.00,1.06,1.10,0.94
18,1.00,1.06,1.10,0.94
18,1.00,1.06,1.10,0.94
18,1.07,1.13,1.17,0.95
18,1.05,1.12,1.17,0.94
18,1.04,1.11,1.17,0.94
18,1.03,1.11,1.16,0.93
18,1.01,1.10,1.16,0.92
18,1.00,1.09,1.15,0.92
18,1.00,1.09,1.15,0.92
18,1.00,1.09,1.15,0.92
18,1.00,1.08,1.15,0.93
18,1.00,1.08,1.14,0.93
18,1.01,1.08,1.15,0.94
18,1.01,1.07,1.14,0.94
18,1.01,1.07,1.14,0.94
18,1.00,1.06,1.13,0.94
18,1.00,1.06,1.13,0.94
18,1.00,1.06,1.13,0.94
18,1.00,1.05,1.13,0.95
18,1.00,1.05,1.12,0.95
18,1.01,1.05,1.13,0.96
18,1.01,1.05,1.13,0.96
18,1.01,1.05,1.12,0.96
18,1.01,1.05,1.12,0.96
18,1.01,1.04,1.12,0.97
18,1.00,1.04,1.12,0.96
18,1.00,1.04,1.11,0.96
18,1.01,1.04,1.11,0.97
18,1.01,1.04,1.11,0.97
18,1.01,1.04,1.11,0.97
18,1.01,1.03,1.11,0.98
18,1.00,1.03,1.10,0.97
18,1.00,1.03,1.10,0.97
18,1.00,1.03,1.10,0.97
18,1.00,1.03,1.09,0.97
18,1.00,1.02,1.09,0.98
18,1.00,1.02,1.08,0.98
18,1.00,1.02,1.08,0.98
18,1.00,1.02,1.08,0.98
18,1.01,1.03,1.08,0.98
18,1.01,1.03,1.08,0.98
18,1.01,1.03,1.08,0.98
18,1.01,1.03,1.08,0.98
18,1.00,1.03,1.07,0.97
18,1.00,1.03,1.07,0.97
18,1.00,1.03,1.07,0.97
18,1.00,1.02,1.07,0.98
18,1.00,1.02,1.07,0.98
18,1.00,1.02,1.06,0.98
18,1.00,1.02,1.06,0.98
18,1.00,1.02,1.06,0.98
18,1.00,1.02,1.06,0.98
18,1.00,1.02,1.05,0.98
18,1.00,1.02,1.05,0.98
18,1.00,1.02,1.05,0.98
18,1.00,1.02,1.05,0.98
18,1.00,1.02,1.05,0.98
18,1.00,1.02,1.05,0.98
18,1.00,1.02,1.04,0.98
18,1.00,1.02,1.04,0.98
18,1.00,1.02,1.04,0.98
18,1.00,1.02,1.04,0.98
18,1.00,1.01,1.04,0.99
18,1.00,1.02,1.04,0.98
18,1.00,1.02,1.04,0.98
18,1.00,1.02,1.04,0.98
18,1.00,1.02,1.04,0.98
18,1.00,1.01,1.04,0.99
18,1.00,1.01,1.04,0.99
18,1.00,1.01,1.03,0.99
18,1.00,1.01,1.03,0.99
18,1.00,1.01,1.03,0.99
18,1.00,1.01,1.03,0.99
18,1.00,1.01,1.03,0.99
18,1.00,1.01,1.03,0.99
18,1.00,1.01,1.03,0.99
18,1.03,1.04,1.06,0.99
18,1.03,1.04,1.06,0.99
18,1.02,1.04,1.06,0.98
18,1.02,1.05,1.07,0.97
18,1.01,1.05,1.06,0.96
18,1.01,1.04,1.06,0.97
18,1.01,1.04,1.06,0.97
18,1.00,1.04,1.06,0.96
18,1.00,1.04,1.06,0.96
18,1.00,1.04,1.06,0.96
18,1.00,1.04,1.06,0.96
18,1.00,1.04,1.06,0.96
18,1.00,1.04,1.06,0.96
18,1.00,1.03,1.06,0.97
18,1.00,1.04,1.06,0.96
18,1.00,1.03,1.06,0.97
18,1.00,1.03,1.06,0.97
18,1.00,1.03,1.06,0.97
18,1.00,1.03,1.06,0.97
18,1.00,1.03,1.05,0.97
18,1.00,1.03,1.05,0.97
18,1.00,1.03,1.05,0.97
18,1.00,1.03,1.05,0.97
18,1.00,1.02,1.05,0.98
18,1.00,1.02,1.05,0.98
18,1.00,1.02,1.05,0.98
18,1.00,1.02,1.05,0.98
18,1.00,1.02,1.05,0.98
18,1.00,1.02,1.05,0.98
18,1.00,1.02,1.05,0.98
18,1.00,1.01,1.04,0.99
18,1.00,1.01,1.04,0.99
18,1.00,1.01,1.04,0.99
18,1.00,1.01,1.04,0.99
18,1.00,1.01,1.04,0.99
18,1.00,1.01,1.04,0.99
18,1.04,1.05,1.08,0.99
18,1.03,1.05,1.07,0.98
18,1.02,1.04,1.07,0.98
18,1.02,1.04,1.07,0.98
18,1.01,1.04,1.07,0.97
18,1.00,1.04,1.07,0.96
18,1.00,1.04,1.07,0.96
18,1.00,1.04,1.07,0.96
18,1.00,1.04,1.06,0.96
18,1.00,1.03,1.06,0.97
18,1.00,1.03,1.06,0.97
18,1.00,1.03,1.06,0.97
18,1.00,1.03,1.06,0.97
18,1.00,1.03,1.06,0.97
18,1.00,1.03,1.06,0.97
18,1.00,1.03,1.05,0.97
18,1.00,1.03,1.05,0.97
18,1.01,1.03,1.06,0.98
18,1.01,1.03,1.06,0.98
18,1.01,1.03,1.06,0.98
18,1.03,1.05,1.08,0.98
18,1.02,1.05,1.08,0.97
18,1.01,1.05,1.07,0.96
18,1.01,1.04,1.07,0.97
18,1.00,1.04,1.07,0.96
18,1.01,1.05,1.08,0.96
18,1.01,1.05,1.08,0.96
18,1.01,1.04,1.08,0.97
18,1.01,1.04,1.07,0.97
18,1.01,1.05,1.08,0.96
18,1.01,1.05,1.08,0.96
18,1.01,1.05,1.08,0.96
18,1.01,1.04,1.08,0.97
18,1.00,1.04,1.08,0.96
18,1.00,1.04,1.07,0.96
18,1.00,1.04,1.07,0.96
18,1.00,1.04,1.07,0.96
18,1.00,1.03,1.07,0.97
18,1.02,1.05,1.09,0.97
18,1.02,1.05,1.09,0.97
18,1.01,1.05,1.08,0.96
18,1.01,1.04,1.08,0.97
18,1.01,1.04,1.08,0.97
18,1.00,1.04,1.08,0.96
18,1.00,1.04,1.08,0.96
18,1.00,1.04,1.08,0.96
18,1.00,1.03,1.07,0.97
18,1.00,1.03,1.07,0.97
18,1.00,1.03,1.07,0.97
18,1.00,1.03,1.07,0.97
18,1.00,1.03,1.07,0.97
18,1.00,1.02,1.06,0.98
18,1.00,1.02,1.06,0.98
18,1.00,1.02,1.06,0.98
18,1.00,1.02,1.06,0.98
18,1.00,1.02,1.06,0.98
18,1.00,1.02,1.05,0.98
18,1.00,1.02,1.05,0.98
18,1.00,1.02,1.05,0.98
18,1.00,1.01,1.05,0.99
18,1.00,1.01,1.05,0.99
18,1.00,1.01,1.05,0.99
18,1.00,1.01,1.04,0.99
18,1.00,1.01,1.04,0.99
18,1.00,1.01,1.04,0.99
18,1.00,1.01,1.04,0.99
18,1.00,1.01,1.04,0.99
18,1.00,1.01,1.04,0.99
18,1.00,1.01,1.04,0.99
18,1.00,1.01,1.04,0.99
18,1.00,1.01,1.03,0.99
18,1.00,1.01,1.03,0.99
18,1.00,1.01,1.03,0.99
18,1.00,1.01,1.03,0.99
18,1.00,1.01,1.03,0.99
18,1.00,1.01,1.03,0.99
18,1.00,1.01,1.03,0.99
18,1.00,1.01,1.03,0.99
18,1.00,1.01,1.02,0.99
18,1.00,1.01,1.02,0.99
18,1.00,1.01,1.02,0.99
18,1.00,1.01,1.02,0.99
18,1.00,1.01,1.02,0.99
18,1.00,1.01,1.02,0.99
18,1.00,1.01,1.02,0.99
18,1.00,1.01,1.02,0.99
18,1.00,1.01,1.02,0.99
